{
 "cells": [
  {
   "cell_type": "code",
   "execution_count": 1,
   "metadata": {},
   "outputs": [],
   "source": [
    "import numpy as np\n",
    "import matplotlib.pyplot as plt\n",
    "import pandas as pd\n",
    "import dill\n",
    "import warnings\n",
    "warnings.simplefilter(\"ignore\", FutureWarning)  # diffrax tree_util\n",
    "import os\n",
    "import sys\n",
    "sys.path.insert(0, os.path.abspath(os.path.dirname(os.getcwd())))\n",
    "\n",
    "# load predictions from dilled dictionary\n",
    "db_predictions_path = \"data/predictions.dill\"\n",
    "with open(db_predictions_path, 'rb') as f:\n",
    "  datadict = dill.load(f)\n",
    "# dict to DataFrame\n",
    "tab = []\n",
    "columns = ['model', 'driver', 'train level', 'test level', 'train ierror',\n",
    "           'train verror', 'ierror', 'verror', 'i_psd', 'v_psd', 'ipred_psd',\n",
    "           'vpred_psd', 'ei_psd', 'ev_psd']\n",
    "for k, v in datadict.items():\n",
    "  tab.append(list(k) + list(v))\n",
    "del datadict\n",
    "df = pd.DataFrame(tab, columns=columns)\n",
    "del tab\n",
    "\n",
    "# compute total error\n",
    "df['total error'] = np.sqrt((df['ierror']**2 + df['verror']**2)/2)\n",
    "df['train total error'] = np.sqrt((df['train ierror']**2 + df['train verror']**2)/2)\n",
    "\n",
    "# filter out models that we leave out of paper\n",
    "df.drop((df[df.model == 'PolyNonLinL2R2Cun4']).index, inplace=True)\n",
    "\n",
    "print_names = {\n",
    "  'LinearL2R2SLS': 'linear SLS+$L_2R_2$',\n",
    "  'LinearL2R2': 'linear $L_2R_2$',\n",
    "  'LinearSLS': 'linear SLS',\n",
    "  'Simplest': 'linear',\n",
    "  'PolyNonLinL2R2GenCunLi4': 'full w/o SLS',\n",
    "  'PolyNonLinSLSL2R2GenCunLi4': 'full',\n",
    "  'PolyNonLinSLSGenCunLi4': 'full w/o $L_2R_2$',\n",
    "  'PolyNonLinSLSL2R2CunLi4': 'full reluctance as \\cite{klippelTutorialLoudspeakerNonlinearities2006}',\n",
    "  'PolyNonLinSLSL2R2GenCun4': 'full w/o $L(i)$',\n",
    "  'PolyNonLinSLSL2R2Li4': 'full w/o reluctance',\n",
    "  'PolyNonLinSLSL2R2GenCunLi7': 'full with $d=7$',\n",
    "  'PolyNonLinSLSL2R2GenCunLi6': 'full with $d=6$',\n",
    "  'PolyNonLinSLSL2R2GenCunLi5': 'full with $d=5$',\n",
    "  'PolyNonLinSLSL2R2GenCunLi4': 'full with $d=4$',\n",
    "  'PolyNonLinSLSL2R2GenCunLi3': 'full with $d=3$',\n",
    "  'PolyNonLinSLSL2R2GenCunLi2': 'full with $d=2$',\n",
    "  'PolyNonLinSLSL2R2GenCunLi1': 'full with $d=1$',\n",
    "  'PolyNonLinSLSL2R2GenCunLi0': 'full with $d=0$',\n",
    "}"
   ]
  },
  {
   "cell_type": "markdown",
   "metadata": {},
   "source": [
    "Filter all results that are much worse than \"Simplest\". There must have been some convergence issue for those."
   ]
  },
  {
   "cell_type": "code",
   "execution_count": 2,
   "metadata": {},
   "outputs": [],
   "source": [
    "df_all = df.copy()\n",
    "df_simplest = df[df.model == 'Simplest']\n",
    "# compare each row to results of simplest\n",
    "for index, row in df.iterrows():\n",
    "  simplest_row = df_simplest[(df_simplest.driver == row.driver) & \n",
    "                             (df_simplest['train level'] == row['train level']) &\n",
    "                             (df_simplest['test level'] == row['test level'])]\n",
    "  assert(len(simplest_row)) == 1\n",
    "  simplest_row = simplest_row.iloc[0]\n",
    "  # drop if error much larger than error from simplest model or if nan\n",
    "  if (row['total error'] > 1.5 * simplest_row['total error']) or np.isnan(row['total error']):\n",
    "    df.drop(index, inplace=True)"
   ]
  },
  {
   "cell_type": "markdown",
   "metadata": {},
   "source": [
    "Overview all models"
   ]
  },
  {
   "cell_type": "code",
   "execution_count": 3,
   "metadata": {},
   "outputs": [
    {
     "data": {
      "text/html": [
       "<div>\n",
       "<style scoped>\n",
       "    .dataframe tbody tr th:only-of-type {\n",
       "        vertical-align: middle;\n",
       "    }\n",
       "\n",
       "    .dataframe tbody tr th {\n",
       "        vertical-align: top;\n",
       "    }\n",
       "\n",
       "    .dataframe thead th {\n",
       "        text-align: right;\n",
       "    }\n",
       "</style>\n",
       "<table border=\"1\" class=\"dataframe\">\n",
       "  <thead>\n",
       "    <tr style=\"text-align: right;\">\n",
       "      <th></th>\n",
       "      <th>train level</th>\n",
       "      <th>test level</th>\n",
       "      <th>train ierror</th>\n",
       "      <th>train verror</th>\n",
       "      <th>ierror</th>\n",
       "      <th>verror</th>\n",
       "      <th>total error</th>\n",
       "      <th>train total error</th>\n",
       "    </tr>\n",
       "    <tr>\n",
       "      <th>model</th>\n",
       "      <th></th>\n",
       "      <th></th>\n",
       "      <th></th>\n",
       "      <th></th>\n",
       "      <th></th>\n",
       "      <th></th>\n",
       "      <th></th>\n",
       "      <th></th>\n",
       "    </tr>\n",
       "  </thead>\n",
       "  <tbody>\n",
       "    <tr>\n",
       "      <th>PolyNonLinSLSL2R2GenCunLi2</th>\n",
       "      <td>0.495787</td>\n",
       "      <td>0.443820</td>\n",
       "      <td>0.046806</td>\n",
       "      <td>0.060354</td>\n",
       "      <td>0.063879</td>\n",
       "      <td>0.087239</td>\n",
       "      <td>0.077881</td>\n",
       "      <td>0.055301</td>\n",
       "    </tr>\n",
       "    <tr>\n",
       "      <th>PolyNonLinSLSL2R2GenCunLi3</th>\n",
       "      <td>0.540584</td>\n",
       "      <td>0.389610</td>\n",
       "      <td>0.047761</td>\n",
       "      <td>0.060421</td>\n",
       "      <td>0.061885</td>\n",
       "      <td>0.086073</td>\n",
       "      <td>0.076450</td>\n",
       "      <td>0.055741</td>\n",
       "    </tr>\n",
       "    <tr>\n",
       "      <th>PolyNonLinSLSL2R2GenCunLi4_Heun</th>\n",
       "      <td>0.515244</td>\n",
       "      <td>0.411585</td>\n",
       "      <td>0.048982</td>\n",
       "      <td>0.060235</td>\n",
       "      <td>0.072617</td>\n",
       "      <td>0.095456</td>\n",
       "      <td>0.086074</td>\n",
       "      <td>0.055889</td>\n",
       "    </tr>\n",
       "    <tr>\n",
       "      <th>PolyNonLinSLSL2R2GenCunLi6</th>\n",
       "      <td>0.571429</td>\n",
       "      <td>0.371429</td>\n",
       "      <td>0.047943</td>\n",
       "      <td>0.060613</td>\n",
       "      <td>0.062874</td>\n",
       "      <td>0.086372</td>\n",
       "      <td>0.076958</td>\n",
       "      <td>0.056013</td>\n",
       "    </tr>\n",
       "    <tr>\n",
       "      <th>PolyNonLinSLSL2R2GenCunLi4_Ralston</th>\n",
       "      <td>0.518519</td>\n",
       "      <td>0.404321</td>\n",
       "      <td>0.051596</td>\n",
       "      <td>0.059526</td>\n",
       "      <td>0.074513</td>\n",
       "      <td>0.094686</td>\n",
       "      <td>0.086439</td>\n",
       "      <td>0.056565</td>\n",
       "    </tr>\n",
       "    <tr>\n",
       "      <th>PolyNonLinSLSL2R2GenCunLi5</th>\n",
       "      <td>0.538462</td>\n",
       "      <td>0.384615</td>\n",
       "      <td>0.049097</td>\n",
       "      <td>0.061086</td>\n",
       "      <td>0.062397</td>\n",
       "      <td>0.084225</td>\n",
       "      <td>0.075390</td>\n",
       "      <td>0.056576</td>\n",
       "    </tr>\n",
       "    <tr>\n",
       "      <th>PolyNonLinSLSL2R2GenCunLi4_Dopri5</th>\n",
       "      <td>0.516768</td>\n",
       "      <td>0.402439</td>\n",
       "      <td>0.049736</td>\n",
       "      <td>0.061352</td>\n",
       "      <td>0.070244</td>\n",
       "      <td>0.094083</td>\n",
       "      <td>0.084236</td>\n",
       "      <td>0.056911</td>\n",
       "    </tr>\n",
       "    <tr>\n",
       "      <th>PolyNonLinSLSL2R2GenCunLi4</th>\n",
       "      <td>0.516768</td>\n",
       "      <td>0.402439</td>\n",
       "      <td>0.049736</td>\n",
       "      <td>0.061352</td>\n",
       "      <td>0.070244</td>\n",
       "      <td>0.094083</td>\n",
       "      <td>0.084236</td>\n",
       "      <td>0.056911</td>\n",
       "    </tr>\n",
       "    <tr>\n",
       "      <th>PolyNonLinSLSL2R2CunLi4</th>\n",
       "      <td>0.516768</td>\n",
       "      <td>0.402439</td>\n",
       "      <td>0.052203</td>\n",
       "      <td>0.061074</td>\n",
       "      <td>0.072284</td>\n",
       "      <td>0.093737</td>\n",
       "      <td>0.084729</td>\n",
       "      <td>0.057529</td>\n",
       "    </tr>\n",
       "    <tr>\n",
       "      <th>PolyNonLinSLSL2R2GenCunLi4_Tsit5</th>\n",
       "      <td>0.526899</td>\n",
       "      <td>0.406646</td>\n",
       "      <td>0.053145</td>\n",
       "      <td>0.059883</td>\n",
       "      <td>0.073771</td>\n",
       "      <td>0.093697</td>\n",
       "      <td>0.085583</td>\n",
       "      <td>0.057551</td>\n",
       "    </tr>\n",
       "    <tr>\n",
       "      <th>PolyNonLinSLSL2R2GenCunLi4_Midpoint</th>\n",
       "      <td>0.518519</td>\n",
       "      <td>0.404321</td>\n",
       "      <td>0.055407</td>\n",
       "      <td>0.059388</td>\n",
       "      <td>0.077743</td>\n",
       "      <td>0.094349</td>\n",
       "      <td>0.087565</td>\n",
       "      <td>0.058020</td>\n",
       "    </tr>\n",
       "    <tr>\n",
       "      <th>PolyNonLinSLSL2R2GenCunLi7</th>\n",
       "      <td>0.590385</td>\n",
       "      <td>0.350000</td>\n",
       "      <td>0.053666</td>\n",
       "      <td>0.060725</td>\n",
       "      <td>0.066334</td>\n",
       "      <td>0.084035</td>\n",
       "      <td>0.076746</td>\n",
       "      <td>0.058213</td>\n",
       "    </tr>\n",
       "    <tr>\n",
       "      <th>PolyNonLinSLSL2R2Li4</th>\n",
       "      <td>0.520062</td>\n",
       "      <td>0.401235</td>\n",
       "      <td>0.057369</td>\n",
       "      <td>0.060432</td>\n",
       "      <td>0.077134</td>\n",
       "      <td>0.093398</td>\n",
       "      <td>0.086761</td>\n",
       "      <td>0.059552</td>\n",
       "    </tr>\n",
       "    <tr>\n",
       "      <th>PolyNonLinSLSL2R2GenCunLi4_Bosh3</th>\n",
       "      <td>0.510417</td>\n",
       "      <td>0.416667</td>\n",
       "      <td>0.056102</td>\n",
       "      <td>0.061958</td>\n",
       "      <td>0.077730</td>\n",
       "      <td>0.096454</td>\n",
       "      <td>0.088893</td>\n",
       "      <td>0.060132</td>\n",
       "    </tr>\n",
       "    <tr>\n",
       "      <th>PolyNonLinSLSL2R2GenCun4</th>\n",
       "      <td>0.515244</td>\n",
       "      <td>0.402439</td>\n",
       "      <td>0.057856</td>\n",
       "      <td>0.062798</td>\n",
       "      <td>0.079538</td>\n",
       "      <td>0.096319</td>\n",
       "      <td>0.089614</td>\n",
       "      <td>0.061276</td>\n",
       "    </tr>\n",
       "    <tr>\n",
       "      <th>PolyNonLinL2R2GenCunLi4</th>\n",
       "      <td>0.508929</td>\n",
       "      <td>0.413690</td>\n",
       "      <td>0.049592</td>\n",
       "      <td>0.073819</td>\n",
       "      <td>0.072766</td>\n",
       "      <td>0.102605</td>\n",
       "      <td>0.090203</td>\n",
       "      <td>0.063860</td>\n",
       "    </tr>\n",
       "    <tr>\n",
       "      <th>PolyNonLinSLSL2R2GenCunLi4_Euler</th>\n",
       "      <td>0.526899</td>\n",
       "      <td>0.395570</td>\n",
       "      <td>0.071626</td>\n",
       "      <td>0.062709</td>\n",
       "      <td>0.088359</td>\n",
       "      <td>0.092750</td>\n",
       "      <td>0.091931</td>\n",
       "      <td>0.067997</td>\n",
       "    </tr>\n",
       "    <tr>\n",
       "      <th>PolyNonLinSLSL2R2GenCunLi1</th>\n",
       "      <td>0.478495</td>\n",
       "      <td>0.451613</td>\n",
       "      <td>0.056347</td>\n",
       "      <td>0.077042</td>\n",
       "      <td>0.067218</td>\n",
       "      <td>0.094968</td>\n",
       "      <td>0.083626</td>\n",
       "      <td>0.068474</td>\n",
       "    </tr>\n",
       "    <tr>\n",
       "      <th>PolyNonLinSLSL2R2GenCunLi0</th>\n",
       "      <td>0.476064</td>\n",
       "      <td>0.462766</td>\n",
       "      <td>0.062518</td>\n",
       "      <td>0.079614</td>\n",
       "      <td>0.074483</td>\n",
       "      <td>0.100826</td>\n",
       "      <td>0.090126</td>\n",
       "      <td>0.072565</td>\n",
       "    </tr>\n",
       "    <tr>\n",
       "      <th>LinearL2R2SLS</th>\n",
       "      <td>0.468750</td>\n",
       "      <td>0.468750</td>\n",
       "      <td>0.065282</td>\n",
       "      <td>0.080005</td>\n",
       "      <td>0.078283</td>\n",
       "      <td>0.100930</td>\n",
       "      <td>0.091672</td>\n",
       "      <td>0.073895</td>\n",
       "    </tr>\n",
       "    <tr>\n",
       "      <th>LinearL2R2</th>\n",
       "      <td>0.468750</td>\n",
       "      <td>0.468750</td>\n",
       "      <td>0.060564</td>\n",
       "      <td>0.089532</td>\n",
       "      <td>0.073456</td>\n",
       "      <td>0.108259</td>\n",
       "      <td>0.093862</td>\n",
       "      <td>0.077349</td>\n",
       "    </tr>\n",
       "    <tr>\n",
       "      <th>PolyNonLinSLSGenCunLi4</th>\n",
       "      <td>0.552734</td>\n",
       "      <td>0.373047</td>\n",
       "      <td>0.152922</td>\n",
       "      <td>0.065581</td>\n",
       "      <td>0.162010</td>\n",
       "      <td>0.089586</td>\n",
       "      <td>0.133045</td>\n",
       "      <td>0.118721</td>\n",
       "    </tr>\n",
       "    <tr>\n",
       "      <th>LinearSLS</th>\n",
       "      <td>0.468750</td>\n",
       "      <td>0.468750</td>\n",
       "      <td>0.156533</td>\n",
       "      <td>0.088183</td>\n",
       "      <td>0.163676</td>\n",
       "      <td>0.108136</td>\n",
       "      <td>0.141587</td>\n",
       "      <td>0.129210</td>\n",
       "    </tr>\n",
       "    <tr>\n",
       "      <th>Simplest</th>\n",
       "      <td>0.468750</td>\n",
       "      <td>0.468750</td>\n",
       "      <td>0.159451</td>\n",
       "      <td>0.104496</td>\n",
       "      <td>0.166904</td>\n",
       "      <td>0.121580</td>\n",
       "      <td>0.148102</td>\n",
       "      <td>0.136045</td>\n",
       "    </tr>\n",
       "  </tbody>\n",
       "</table>\n",
       "</div>"
      ],
      "text/plain": [
       "                                     train level  test level  train ierror  \\\n",
       "model                                                                        \n",
       "PolyNonLinSLSL2R2GenCunLi2              0.495787    0.443820      0.046806   \n",
       "PolyNonLinSLSL2R2GenCunLi3              0.540584    0.389610      0.047761   \n",
       "PolyNonLinSLSL2R2GenCunLi4_Heun         0.515244    0.411585      0.048982   \n",
       "PolyNonLinSLSL2R2GenCunLi6              0.571429    0.371429      0.047943   \n",
       "PolyNonLinSLSL2R2GenCunLi4_Ralston      0.518519    0.404321      0.051596   \n",
       "PolyNonLinSLSL2R2GenCunLi5              0.538462    0.384615      0.049097   \n",
       "PolyNonLinSLSL2R2GenCunLi4_Dopri5       0.516768    0.402439      0.049736   \n",
       "PolyNonLinSLSL2R2GenCunLi4              0.516768    0.402439      0.049736   \n",
       "PolyNonLinSLSL2R2CunLi4                 0.516768    0.402439      0.052203   \n",
       "PolyNonLinSLSL2R2GenCunLi4_Tsit5        0.526899    0.406646      0.053145   \n",
       "PolyNonLinSLSL2R2GenCunLi4_Midpoint     0.518519    0.404321      0.055407   \n",
       "PolyNonLinSLSL2R2GenCunLi7              0.590385    0.350000      0.053666   \n",
       "PolyNonLinSLSL2R2Li4                    0.520062    0.401235      0.057369   \n",
       "PolyNonLinSLSL2R2GenCunLi4_Bosh3        0.510417    0.416667      0.056102   \n",
       "PolyNonLinSLSL2R2GenCun4                0.515244    0.402439      0.057856   \n",
       "PolyNonLinL2R2GenCunLi4                 0.508929    0.413690      0.049592   \n",
       "PolyNonLinSLSL2R2GenCunLi4_Euler        0.526899    0.395570      0.071626   \n",
       "PolyNonLinSLSL2R2GenCunLi1              0.478495    0.451613      0.056347   \n",
       "PolyNonLinSLSL2R2GenCunLi0              0.476064    0.462766      0.062518   \n",
       "LinearL2R2SLS                           0.468750    0.468750      0.065282   \n",
       "LinearL2R2                              0.468750    0.468750      0.060564   \n",
       "PolyNonLinSLSGenCunLi4                  0.552734    0.373047      0.152922   \n",
       "LinearSLS                               0.468750    0.468750      0.156533   \n",
       "Simplest                                0.468750    0.468750      0.159451   \n",
       "\n",
       "                                     train verror    ierror    verror  \\\n",
       "model                                                                   \n",
       "PolyNonLinSLSL2R2GenCunLi2               0.060354  0.063879  0.087239   \n",
       "PolyNonLinSLSL2R2GenCunLi3               0.060421  0.061885  0.086073   \n",
       "PolyNonLinSLSL2R2GenCunLi4_Heun          0.060235  0.072617  0.095456   \n",
       "PolyNonLinSLSL2R2GenCunLi6               0.060613  0.062874  0.086372   \n",
       "PolyNonLinSLSL2R2GenCunLi4_Ralston       0.059526  0.074513  0.094686   \n",
       "PolyNonLinSLSL2R2GenCunLi5               0.061086  0.062397  0.084225   \n",
       "PolyNonLinSLSL2R2GenCunLi4_Dopri5        0.061352  0.070244  0.094083   \n",
       "PolyNonLinSLSL2R2GenCunLi4               0.061352  0.070244  0.094083   \n",
       "PolyNonLinSLSL2R2CunLi4                  0.061074  0.072284  0.093737   \n",
       "PolyNonLinSLSL2R2GenCunLi4_Tsit5         0.059883  0.073771  0.093697   \n",
       "PolyNonLinSLSL2R2GenCunLi4_Midpoint      0.059388  0.077743  0.094349   \n",
       "PolyNonLinSLSL2R2GenCunLi7               0.060725  0.066334  0.084035   \n",
       "PolyNonLinSLSL2R2Li4                     0.060432  0.077134  0.093398   \n",
       "PolyNonLinSLSL2R2GenCunLi4_Bosh3         0.061958  0.077730  0.096454   \n",
       "PolyNonLinSLSL2R2GenCun4                 0.062798  0.079538  0.096319   \n",
       "PolyNonLinL2R2GenCunLi4                  0.073819  0.072766  0.102605   \n",
       "PolyNonLinSLSL2R2GenCunLi4_Euler         0.062709  0.088359  0.092750   \n",
       "PolyNonLinSLSL2R2GenCunLi1               0.077042  0.067218  0.094968   \n",
       "PolyNonLinSLSL2R2GenCunLi0               0.079614  0.074483  0.100826   \n",
       "LinearL2R2SLS                            0.080005  0.078283  0.100930   \n",
       "LinearL2R2                               0.089532  0.073456  0.108259   \n",
       "PolyNonLinSLSGenCunLi4                   0.065581  0.162010  0.089586   \n",
       "LinearSLS                                0.088183  0.163676  0.108136   \n",
       "Simplest                                 0.104496  0.166904  0.121580   \n",
       "\n",
       "                                     total error  train total error  \n",
       "model                                                                \n",
       "PolyNonLinSLSL2R2GenCunLi2              0.077881           0.055301  \n",
       "PolyNonLinSLSL2R2GenCunLi3              0.076450           0.055741  \n",
       "PolyNonLinSLSL2R2GenCunLi4_Heun         0.086074           0.055889  \n",
       "PolyNonLinSLSL2R2GenCunLi6              0.076958           0.056013  \n",
       "PolyNonLinSLSL2R2GenCunLi4_Ralston      0.086439           0.056565  \n",
       "PolyNonLinSLSL2R2GenCunLi5              0.075390           0.056576  \n",
       "PolyNonLinSLSL2R2GenCunLi4_Dopri5       0.084236           0.056911  \n",
       "PolyNonLinSLSL2R2GenCunLi4              0.084236           0.056911  \n",
       "PolyNonLinSLSL2R2CunLi4                 0.084729           0.057529  \n",
       "PolyNonLinSLSL2R2GenCunLi4_Tsit5        0.085583           0.057551  \n",
       "PolyNonLinSLSL2R2GenCunLi4_Midpoint     0.087565           0.058020  \n",
       "PolyNonLinSLSL2R2GenCunLi7              0.076746           0.058213  \n",
       "PolyNonLinSLSL2R2Li4                    0.086761           0.059552  \n",
       "PolyNonLinSLSL2R2GenCunLi4_Bosh3        0.088893           0.060132  \n",
       "PolyNonLinSLSL2R2GenCun4                0.089614           0.061276  \n",
       "PolyNonLinL2R2GenCunLi4                 0.090203           0.063860  \n",
       "PolyNonLinSLSL2R2GenCunLi4_Euler        0.091931           0.067997  \n",
       "PolyNonLinSLSL2R2GenCunLi1              0.083626           0.068474  \n",
       "PolyNonLinSLSL2R2GenCunLi0              0.090126           0.072565  \n",
       "LinearL2R2SLS                           0.091672           0.073895  \n",
       "LinearL2R2                              0.093862           0.077349  \n",
       "PolyNonLinSLSGenCunLi4                  0.133045           0.118721  \n",
       "LinearSLS                               0.141587           0.129210  \n",
       "Simplest                                0.148102           0.136045  "
      ]
     },
     "execution_count": 3,
     "metadata": {},
     "output_type": "execute_result"
    }
   ],
   "source": [
    "df.groupby('model').mean().sort_values('train total error')"
   ]
  },
  {
   "cell_type": "code",
   "execution_count": 4,
   "metadata": {},
   "outputs": [
    {
     "data": {
      "text/html": [
       "<div>\n",
       "<style scoped>\n",
       "    .dataframe tbody tr th:only-of-type {\n",
       "        vertical-align: middle;\n",
       "    }\n",
       "\n",
       "    .dataframe tbody tr th {\n",
       "        vertical-align: top;\n",
       "    }\n",
       "\n",
       "    .dataframe thead th {\n",
       "        text-align: right;\n",
       "    }\n",
       "</style>\n",
       "<table border=\"1\" class=\"dataframe\">\n",
       "  <thead>\n",
       "    <tr style=\"text-align: right;\">\n",
       "      <th></th>\n",
       "      <th>train level</th>\n",
       "      <th>test level</th>\n",
       "      <th>train ierror</th>\n",
       "      <th>train verror</th>\n",
       "      <th>ierror</th>\n",
       "      <th>verror</th>\n",
       "      <th>total error</th>\n",
       "      <th>train total error</th>\n",
       "    </tr>\n",
       "    <tr>\n",
       "      <th>model</th>\n",
       "      <th></th>\n",
       "      <th></th>\n",
       "      <th></th>\n",
       "      <th></th>\n",
       "      <th></th>\n",
       "      <th></th>\n",
       "      <th></th>\n",
       "      <th></th>\n",
       "    </tr>\n",
       "  </thead>\n",
       "  <tbody>\n",
       "    <tr>\n",
       "      <th>PolyNonLinSLSL2R2GenCunLi5</th>\n",
       "      <td>0.538462</td>\n",
       "      <td>0.384615</td>\n",
       "      <td>0.049097</td>\n",
       "      <td>0.061086</td>\n",
       "      <td>0.062397</td>\n",
       "      <td>0.084225</td>\n",
       "      <td>0.075390</td>\n",
       "      <td>0.056576</td>\n",
       "    </tr>\n",
       "    <tr>\n",
       "      <th>PolyNonLinSLSL2R2GenCunLi3</th>\n",
       "      <td>0.540584</td>\n",
       "      <td>0.389610</td>\n",
       "      <td>0.047761</td>\n",
       "      <td>0.060421</td>\n",
       "      <td>0.061885</td>\n",
       "      <td>0.086073</td>\n",
       "      <td>0.076450</td>\n",
       "      <td>0.055741</td>\n",
       "    </tr>\n",
       "    <tr>\n",
       "      <th>PolyNonLinSLSL2R2GenCunLi7</th>\n",
       "      <td>0.590385</td>\n",
       "      <td>0.350000</td>\n",
       "      <td>0.053666</td>\n",
       "      <td>0.060725</td>\n",
       "      <td>0.066334</td>\n",
       "      <td>0.084035</td>\n",
       "      <td>0.076746</td>\n",
       "      <td>0.058213</td>\n",
       "    </tr>\n",
       "    <tr>\n",
       "      <th>PolyNonLinSLSL2R2GenCunLi6</th>\n",
       "      <td>0.571429</td>\n",
       "      <td>0.371429</td>\n",
       "      <td>0.047943</td>\n",
       "      <td>0.060613</td>\n",
       "      <td>0.062874</td>\n",
       "      <td>0.086372</td>\n",
       "      <td>0.076958</td>\n",
       "      <td>0.056013</td>\n",
       "    </tr>\n",
       "    <tr>\n",
       "      <th>PolyNonLinSLSL2R2GenCunLi2</th>\n",
       "      <td>0.495787</td>\n",
       "      <td>0.443820</td>\n",
       "      <td>0.046806</td>\n",
       "      <td>0.060354</td>\n",
       "      <td>0.063879</td>\n",
       "      <td>0.087239</td>\n",
       "      <td>0.077881</td>\n",
       "      <td>0.055301</td>\n",
       "    </tr>\n",
       "    <tr>\n",
       "      <th>PolyNonLinSLSL2R2GenCunLi1</th>\n",
       "      <td>0.478495</td>\n",
       "      <td>0.451613</td>\n",
       "      <td>0.056347</td>\n",
       "      <td>0.077042</td>\n",
       "      <td>0.067218</td>\n",
       "      <td>0.094968</td>\n",
       "      <td>0.083626</td>\n",
       "      <td>0.068474</td>\n",
       "    </tr>\n",
       "    <tr>\n",
       "      <th>PolyNonLinSLSL2R2GenCunLi4_Dopri5</th>\n",
       "      <td>0.516768</td>\n",
       "      <td>0.402439</td>\n",
       "      <td>0.049736</td>\n",
       "      <td>0.061352</td>\n",
       "      <td>0.070244</td>\n",
       "      <td>0.094083</td>\n",
       "      <td>0.084236</td>\n",
       "      <td>0.056911</td>\n",
       "    </tr>\n",
       "    <tr>\n",
       "      <th>PolyNonLinSLSL2R2GenCunLi4</th>\n",
       "      <td>0.516768</td>\n",
       "      <td>0.402439</td>\n",
       "      <td>0.049736</td>\n",
       "      <td>0.061352</td>\n",
       "      <td>0.070244</td>\n",
       "      <td>0.094083</td>\n",
       "      <td>0.084236</td>\n",
       "      <td>0.056911</td>\n",
       "    </tr>\n",
       "    <tr>\n",
       "      <th>PolyNonLinSLSL2R2CunLi4</th>\n",
       "      <td>0.516768</td>\n",
       "      <td>0.402439</td>\n",
       "      <td>0.052203</td>\n",
       "      <td>0.061074</td>\n",
       "      <td>0.072284</td>\n",
       "      <td>0.093737</td>\n",
       "      <td>0.084729</td>\n",
       "      <td>0.057529</td>\n",
       "    </tr>\n",
       "    <tr>\n",
       "      <th>PolyNonLinSLSL2R2GenCunLi4_Tsit5</th>\n",
       "      <td>0.526899</td>\n",
       "      <td>0.406646</td>\n",
       "      <td>0.053145</td>\n",
       "      <td>0.059883</td>\n",
       "      <td>0.073771</td>\n",
       "      <td>0.093697</td>\n",
       "      <td>0.085583</td>\n",
       "      <td>0.057551</td>\n",
       "    </tr>\n",
       "    <tr>\n",
       "      <th>PolyNonLinSLSL2R2GenCunLi4_Heun</th>\n",
       "      <td>0.515244</td>\n",
       "      <td>0.411585</td>\n",
       "      <td>0.048982</td>\n",
       "      <td>0.060235</td>\n",
       "      <td>0.072617</td>\n",
       "      <td>0.095456</td>\n",
       "      <td>0.086074</td>\n",
       "      <td>0.055889</td>\n",
       "    </tr>\n",
       "    <tr>\n",
       "      <th>PolyNonLinSLSL2R2GenCunLi4_Ralston</th>\n",
       "      <td>0.518519</td>\n",
       "      <td>0.404321</td>\n",
       "      <td>0.051596</td>\n",
       "      <td>0.059526</td>\n",
       "      <td>0.074513</td>\n",
       "      <td>0.094686</td>\n",
       "      <td>0.086439</td>\n",
       "      <td>0.056565</td>\n",
       "    </tr>\n",
       "    <tr>\n",
       "      <th>PolyNonLinSLSL2R2Li4</th>\n",
       "      <td>0.520062</td>\n",
       "      <td>0.401235</td>\n",
       "      <td>0.057369</td>\n",
       "      <td>0.060432</td>\n",
       "      <td>0.077134</td>\n",
       "      <td>0.093398</td>\n",
       "      <td>0.086761</td>\n",
       "      <td>0.059552</td>\n",
       "    </tr>\n",
       "    <tr>\n",
       "      <th>PolyNonLinSLSL2R2GenCunLi4_Midpoint</th>\n",
       "      <td>0.518519</td>\n",
       "      <td>0.404321</td>\n",
       "      <td>0.055407</td>\n",
       "      <td>0.059388</td>\n",
       "      <td>0.077743</td>\n",
       "      <td>0.094349</td>\n",
       "      <td>0.087565</td>\n",
       "      <td>0.058020</td>\n",
       "    </tr>\n",
       "    <tr>\n",
       "      <th>PolyNonLinSLSL2R2GenCunLi4_Bosh3</th>\n",
       "      <td>0.510417</td>\n",
       "      <td>0.416667</td>\n",
       "      <td>0.056102</td>\n",
       "      <td>0.061958</td>\n",
       "      <td>0.077730</td>\n",
       "      <td>0.096454</td>\n",
       "      <td>0.088893</td>\n",
       "      <td>0.060132</td>\n",
       "    </tr>\n",
       "    <tr>\n",
       "      <th>PolyNonLinSLSL2R2GenCun4</th>\n",
       "      <td>0.515244</td>\n",
       "      <td>0.402439</td>\n",
       "      <td>0.057856</td>\n",
       "      <td>0.062798</td>\n",
       "      <td>0.079538</td>\n",
       "      <td>0.096319</td>\n",
       "      <td>0.089614</td>\n",
       "      <td>0.061276</td>\n",
       "    </tr>\n",
       "    <tr>\n",
       "      <th>PolyNonLinSLSL2R2GenCunLi0</th>\n",
       "      <td>0.476064</td>\n",
       "      <td>0.462766</td>\n",
       "      <td>0.062518</td>\n",
       "      <td>0.079614</td>\n",
       "      <td>0.074483</td>\n",
       "      <td>0.100826</td>\n",
       "      <td>0.090126</td>\n",
       "      <td>0.072565</td>\n",
       "    </tr>\n",
       "    <tr>\n",
       "      <th>PolyNonLinL2R2GenCunLi4</th>\n",
       "      <td>0.508929</td>\n",
       "      <td>0.413690</td>\n",
       "      <td>0.049592</td>\n",
       "      <td>0.073819</td>\n",
       "      <td>0.072766</td>\n",
       "      <td>0.102605</td>\n",
       "      <td>0.090203</td>\n",
       "      <td>0.063860</td>\n",
       "    </tr>\n",
       "    <tr>\n",
       "      <th>LinearL2R2SLS</th>\n",
       "      <td>0.468750</td>\n",
       "      <td>0.468750</td>\n",
       "      <td>0.065282</td>\n",
       "      <td>0.080005</td>\n",
       "      <td>0.078283</td>\n",
       "      <td>0.100930</td>\n",
       "      <td>0.091672</td>\n",
       "      <td>0.073895</td>\n",
       "    </tr>\n",
       "    <tr>\n",
       "      <th>PolyNonLinSLSL2R2GenCunLi4_Euler</th>\n",
       "      <td>0.526899</td>\n",
       "      <td>0.395570</td>\n",
       "      <td>0.071626</td>\n",
       "      <td>0.062709</td>\n",
       "      <td>0.088359</td>\n",
       "      <td>0.092750</td>\n",
       "      <td>0.091931</td>\n",
       "      <td>0.067997</td>\n",
       "    </tr>\n",
       "    <tr>\n",
       "      <th>LinearL2R2</th>\n",
       "      <td>0.468750</td>\n",
       "      <td>0.468750</td>\n",
       "      <td>0.060564</td>\n",
       "      <td>0.089532</td>\n",
       "      <td>0.073456</td>\n",
       "      <td>0.108259</td>\n",
       "      <td>0.093862</td>\n",
       "      <td>0.077349</td>\n",
       "    </tr>\n",
       "    <tr>\n",
       "      <th>PolyNonLinSLSGenCunLi4</th>\n",
       "      <td>0.552734</td>\n",
       "      <td>0.373047</td>\n",
       "      <td>0.152922</td>\n",
       "      <td>0.065581</td>\n",
       "      <td>0.162010</td>\n",
       "      <td>0.089586</td>\n",
       "      <td>0.133045</td>\n",
       "      <td>0.118721</td>\n",
       "    </tr>\n",
       "    <tr>\n",
       "      <th>LinearSLS</th>\n",
       "      <td>0.468750</td>\n",
       "      <td>0.468750</td>\n",
       "      <td>0.156533</td>\n",
       "      <td>0.088183</td>\n",
       "      <td>0.163676</td>\n",
       "      <td>0.108136</td>\n",
       "      <td>0.141587</td>\n",
       "      <td>0.129210</td>\n",
       "    </tr>\n",
       "    <tr>\n",
       "      <th>Simplest</th>\n",
       "      <td>0.468750</td>\n",
       "      <td>0.468750</td>\n",
       "      <td>0.159451</td>\n",
       "      <td>0.104496</td>\n",
       "      <td>0.166904</td>\n",
       "      <td>0.121580</td>\n",
       "      <td>0.148102</td>\n",
       "      <td>0.136045</td>\n",
       "    </tr>\n",
       "  </tbody>\n",
       "</table>\n",
       "</div>"
      ],
      "text/plain": [
       "                                     train level  test level  train ierror  \\\n",
       "model                                                                        \n",
       "PolyNonLinSLSL2R2GenCunLi5              0.538462    0.384615      0.049097   \n",
       "PolyNonLinSLSL2R2GenCunLi3              0.540584    0.389610      0.047761   \n",
       "PolyNonLinSLSL2R2GenCunLi7              0.590385    0.350000      0.053666   \n",
       "PolyNonLinSLSL2R2GenCunLi6              0.571429    0.371429      0.047943   \n",
       "PolyNonLinSLSL2R2GenCunLi2              0.495787    0.443820      0.046806   \n",
       "PolyNonLinSLSL2R2GenCunLi1              0.478495    0.451613      0.056347   \n",
       "PolyNonLinSLSL2R2GenCunLi4_Dopri5       0.516768    0.402439      0.049736   \n",
       "PolyNonLinSLSL2R2GenCunLi4              0.516768    0.402439      0.049736   \n",
       "PolyNonLinSLSL2R2CunLi4                 0.516768    0.402439      0.052203   \n",
       "PolyNonLinSLSL2R2GenCunLi4_Tsit5        0.526899    0.406646      0.053145   \n",
       "PolyNonLinSLSL2R2GenCunLi4_Heun         0.515244    0.411585      0.048982   \n",
       "PolyNonLinSLSL2R2GenCunLi4_Ralston      0.518519    0.404321      0.051596   \n",
       "PolyNonLinSLSL2R2Li4                    0.520062    0.401235      0.057369   \n",
       "PolyNonLinSLSL2R2GenCunLi4_Midpoint     0.518519    0.404321      0.055407   \n",
       "PolyNonLinSLSL2R2GenCunLi4_Bosh3        0.510417    0.416667      0.056102   \n",
       "PolyNonLinSLSL2R2GenCun4                0.515244    0.402439      0.057856   \n",
       "PolyNonLinSLSL2R2GenCunLi0              0.476064    0.462766      0.062518   \n",
       "PolyNonLinL2R2GenCunLi4                 0.508929    0.413690      0.049592   \n",
       "LinearL2R2SLS                           0.468750    0.468750      0.065282   \n",
       "PolyNonLinSLSL2R2GenCunLi4_Euler        0.526899    0.395570      0.071626   \n",
       "LinearL2R2                              0.468750    0.468750      0.060564   \n",
       "PolyNonLinSLSGenCunLi4                  0.552734    0.373047      0.152922   \n",
       "LinearSLS                               0.468750    0.468750      0.156533   \n",
       "Simplest                                0.468750    0.468750      0.159451   \n",
       "\n",
       "                                     train verror    ierror    verror  \\\n",
       "model                                                                   \n",
       "PolyNonLinSLSL2R2GenCunLi5               0.061086  0.062397  0.084225   \n",
       "PolyNonLinSLSL2R2GenCunLi3               0.060421  0.061885  0.086073   \n",
       "PolyNonLinSLSL2R2GenCunLi7               0.060725  0.066334  0.084035   \n",
       "PolyNonLinSLSL2R2GenCunLi6               0.060613  0.062874  0.086372   \n",
       "PolyNonLinSLSL2R2GenCunLi2               0.060354  0.063879  0.087239   \n",
       "PolyNonLinSLSL2R2GenCunLi1               0.077042  0.067218  0.094968   \n",
       "PolyNonLinSLSL2R2GenCunLi4_Dopri5        0.061352  0.070244  0.094083   \n",
       "PolyNonLinSLSL2R2GenCunLi4               0.061352  0.070244  0.094083   \n",
       "PolyNonLinSLSL2R2CunLi4                  0.061074  0.072284  0.093737   \n",
       "PolyNonLinSLSL2R2GenCunLi4_Tsit5         0.059883  0.073771  0.093697   \n",
       "PolyNonLinSLSL2R2GenCunLi4_Heun          0.060235  0.072617  0.095456   \n",
       "PolyNonLinSLSL2R2GenCunLi4_Ralston       0.059526  0.074513  0.094686   \n",
       "PolyNonLinSLSL2R2Li4                     0.060432  0.077134  0.093398   \n",
       "PolyNonLinSLSL2R2GenCunLi4_Midpoint      0.059388  0.077743  0.094349   \n",
       "PolyNonLinSLSL2R2GenCunLi4_Bosh3         0.061958  0.077730  0.096454   \n",
       "PolyNonLinSLSL2R2GenCun4                 0.062798  0.079538  0.096319   \n",
       "PolyNonLinSLSL2R2GenCunLi0               0.079614  0.074483  0.100826   \n",
       "PolyNonLinL2R2GenCunLi4                  0.073819  0.072766  0.102605   \n",
       "LinearL2R2SLS                            0.080005  0.078283  0.100930   \n",
       "PolyNonLinSLSL2R2GenCunLi4_Euler         0.062709  0.088359  0.092750   \n",
       "LinearL2R2                               0.089532  0.073456  0.108259   \n",
       "PolyNonLinSLSGenCunLi4                   0.065581  0.162010  0.089586   \n",
       "LinearSLS                                0.088183  0.163676  0.108136   \n",
       "Simplest                                 0.104496  0.166904  0.121580   \n",
       "\n",
       "                                     total error  train total error  \n",
       "model                                                                \n",
       "PolyNonLinSLSL2R2GenCunLi5              0.075390           0.056576  \n",
       "PolyNonLinSLSL2R2GenCunLi3              0.076450           0.055741  \n",
       "PolyNonLinSLSL2R2GenCunLi7              0.076746           0.058213  \n",
       "PolyNonLinSLSL2R2GenCunLi6              0.076958           0.056013  \n",
       "PolyNonLinSLSL2R2GenCunLi2              0.077881           0.055301  \n",
       "PolyNonLinSLSL2R2GenCunLi1              0.083626           0.068474  \n",
       "PolyNonLinSLSL2R2GenCunLi4_Dopri5       0.084236           0.056911  \n",
       "PolyNonLinSLSL2R2GenCunLi4              0.084236           0.056911  \n",
       "PolyNonLinSLSL2R2CunLi4                 0.084729           0.057529  \n",
       "PolyNonLinSLSL2R2GenCunLi4_Tsit5        0.085583           0.057551  \n",
       "PolyNonLinSLSL2R2GenCunLi4_Heun         0.086074           0.055889  \n",
       "PolyNonLinSLSL2R2GenCunLi4_Ralston      0.086439           0.056565  \n",
       "PolyNonLinSLSL2R2Li4                    0.086761           0.059552  \n",
       "PolyNonLinSLSL2R2GenCunLi4_Midpoint     0.087565           0.058020  \n",
       "PolyNonLinSLSL2R2GenCunLi4_Bosh3        0.088893           0.060132  \n",
       "PolyNonLinSLSL2R2GenCun4                0.089614           0.061276  \n",
       "PolyNonLinSLSL2R2GenCunLi0              0.090126           0.072565  \n",
       "PolyNonLinL2R2GenCunLi4                 0.090203           0.063860  \n",
       "LinearL2R2SLS                           0.091672           0.073895  \n",
       "PolyNonLinSLSL2R2GenCunLi4_Euler        0.091931           0.067997  \n",
       "LinearL2R2                              0.093862           0.077349  \n",
       "PolyNonLinSLSGenCunLi4                  0.133045           0.118721  \n",
       "LinearSLS                               0.141587           0.129210  \n",
       "Simplest                                0.148102           0.136045  "
      ]
     },
     "execution_count": 4,
     "metadata": {},
     "output_type": "execute_result"
    }
   ],
   "source": [
    "df.groupby('model').mean().sort_values('total error')"
   ]
  },
  {
   "cell_type": "markdown",
   "metadata": {},
   "source": [
    "Some statistics of the dataset:"
   ]
  },
  {
   "cell_type": "code",
   "execution_count": 5,
   "metadata": {},
   "outputs": [
    {
     "name": "stdout",
     "output_type": "stream",
     "text": [
      "Total number of datapoints: 2304\n",
      "Number of models tested: 24\n",
      "Number of drivers tested: 6\n",
      "Number of rms levels: 4\n",
      "Number of failed convergence on test data: 311\n",
      "% of failed convergence on test data: 13.49826388888889\n"
     ]
    }
   ],
   "source": [
    "print('Total number of datapoints:', len(df_all))\n",
    "print('Number of models tested:', len(df_all.model.unique()))\n",
    "print('Number of drivers tested:', len(df_all.driver.unique()))\n",
    "print('Number of rms levels:', len(df_all['train level'].unique()))\n",
    "print('Number of failed convergence on test data:', (len(df_all) - len(df)))\n",
    "print('% of failed convergence on test data:', (len(df_all) - len(df))/len(df_all)*100)"
   ]
  },
  {
   "cell_type": "markdown",
   "metadata": {},
   "source": [
    "selectors"
   ]
  },
  {
